4,خوبه
5,از تصویر بهتر و قشنگ تر  شدیدا توصیه میشه
5,"به شدت توصیه میکنم  خیلی کیوت و بامزه است قیافشو قشنگ فیت ایر پادم بود"
5,خیلی ناز و خوشگل بود 😍
5,واقعا عااااالی و با کیفیت...
4,خوب و خوشگله فقط باز و بسته کردنش اشکال داره 
5,بسیار جالب
5,خیلی کاور گوگولی و با مزه ای هست. من از خریدش خیلی راضی هستم
5,از کیوتیه این کاور هر چی بگم کم گفتم مگه میشه یه کاور انقدر کیوت خیلی با دقت طراحی شده شده جنس خوبیم داره مقاوم و ایرپاد رو کامل پوشش میده
5,کلا تو لوازم جانبی موبایل هر زمان دیدیدن برند لوکساره خرید کنید عالیه این برند.این کاور های فانتزی ایرپاد هم عالی هم مقاوم هستن هم خیلی خوشگلن
